144
180
132
134
137
137
139
123
139
189
186
192
103
186
142
174
114
106
137
168
106
135
112
198
101
124
112
191
169
185
169
157
193
181
178
137
168
198
188
147
121
154
111
123
145
191
120
156
115
178
150
156
153
178
103
107
193
143
133
146
195
128
120
156
143
163
190
117
151
110
124
108
133
151
179
108
197
140
152
120
184
169
149
177
152
131
169
185
180
137
189
180
151
153
142
160
187
115
185
178
108
182
115
147
199
194
169
172
111
155
193
117
129
183
159
192
156
113
198
101
128
100
118
188
105
196
108
106
161
150
113
181
180
157
125
196
120
170
193
166
130
193
155
173
118
177
184
116
158
175
149
154
150
161
188
176
117
131
182
135
154
182
117
118
101
179
100
117
139
110
136
137
109
195
199
139
135
133
123
162
118
188
114
123
142
137
114
193
160
112
117
150
129
168
112
122
144
151
128
169
129
189
